0.0417
0.0435
0.0455
0.0476
0.05
0.0526
0.0556
0.0588
0.0625
0.0667
0.0714
0.0769
0.0833
0.087
0.0909
0.0952
0.1
0.1053
0.1111
0.1176
0.125
0.1304
0.1333
0.1364
0.1429
0.15
0.1538
0.1579
0.1667
0.1739
0.1765
0.1818
0.1875
0.1905
0.2
0.2083
0.2105
0.2143
0.2174
0.2222
0.2273
0.2308
0.2353
0.2381
0.25
0.2609
0.2632
0.2667
0.2727
0.2778
0.2857
0.2917
0.2941
0.3
0.3043
0.3077
0.3125
0.3158
0.3182
0.3333
0.3478
0.35
0.3529
0.3571
0.3636
0.3684
0.375
0.381
0.3846
0.3889
0.3913
0.4
0.4091
0.4118
0.4167
0.4211
0.4286
0.4348
0.4375
0.4444
0.45
0.4545
0.4583
0.4615
0.4667
0.4706
0.4737
0.4762
0.4783
0.5
0.5217
0.5238
0.5263
0.5294
0.5333
0.5385
0.5417
0.5455
0.55
0.5556
0.5625
0.5652
0.5714
0.5789
0.5833
0.5882
0.5909
0.6
0.6087
0.6111
0.6154
0.619
0.625
0.6316
0.6364
0.6429
0.6471
0.65
0.6522
0.6667
0.6818
0.6842
0.6875
0.6923
0.6957
0.7
0.7059
0.7083
0.7143
0.7222
0.7273
0.7333
0.7368
0.7391
0.75
0.7619
0.7647
0.7692
0.7727
0.7778
0.7826
0.7857
0.7895
0.7917
0.8
0.8095
0.8125
0.8182
0.8235
0.8261
0.8333
0.8421
0.8462
0.85
0.8571
0.8636
0.8667
0.8696
0.875
0.8824
0.8889
0.8947
0.9
0.9048
0.9091
0.913
0.9167
0.9231
0.9286
0.9333
0.9375
0.9412
0.9444
0.9474
0.95
0.9524
0.9545
0.9565
0.9583
1
1.0435
1.0455
1.0476
1.05
1.0526
1.0556
1.0588
1.0625
1.0667
1.0714
1.0769
1.0833
1.0909
1.0952
1.1
1.1053
1.1111
1.1176
1.125
1.1333
1.1429
1.15
1.1538
1.1579
1.1667
1.1765
1.1818
1.1875
1.2
1.2105
1.2143
1.2222
1.2308
1.2353
1.25
1.2632
1.2667
1.2727
1.2778
1.2857
1.2941
1.3
1.3077
1.3125
1.3333
1.3529
1.3571
1.3636
1.375
1.3846
1.4
1.4118
1.4167
1.4286
1.4375
1.4444
1.4545
1.4615
1.4667
1.5
1.5333
1.5385
1.5455
1.5556
1.5714
1.5833
1.6
1.6154
1.625
1.6364
1.6429
1.6667
1.6923
1.7
1.7143
1.7273
1.75
1.7692
1.7778
1.8
1.8182
1.8333
1.8462
1.8571
1.875
1.8889
1.9
1.9091
1.9167
2
2.0909
2.1
2.1111
2.125
2.1429
2.1667
2.1818
2.2
2.2222
2.25
2.2857
2.3
2.3333
2.375
2.4
2.4286
2.4444
2.5
2.5556
2.5714
2.6
2.625
2.6667
2.7143
2.75
2.8
2.8333
2.8571
2.875
3
3.1429
3.1667
3.2
3.25
3.2857
3.3333
3.4
3.4286
3.5
3.6
3.6667
3.75
3.8
3.8333
4
4.2
4.25
4.3333
4.4
4.5
4.6
4.6667
4.75
4.8
5
5.25
5.3333
5.5
5.6667
5.75
6
6.3333
6.5
6.6667
7
7.3333
7.5
7.6667
8
8.5
9
9.5
10
10.5
11
11.5
12
13
14
15
16
17
18
19
20
21
22
23
24